DWRD_124 DWRD_112 DWRD_61 DWRD_177 DWRD_107 DWRD_123 DWRD_121 DWRD_158 DWRD_48 DWRD_180 DWRD_97 DWRD_205 DWRD_27 Bn26a BRMS005 Na10H06 Ra1H08 Ra2E11 Na14E08 Bn35d Na12E05
4804 8 1 1 1 1 1 1 1 2 2 2 1 1 1 2 1 1 1 1 2 2 1 1 2 2 1 1 3 3 19 19 -9 -9 4 4 5 1 13 6 10 1 -9 -9
4805 8 1 1 1 1 1 1 2 2 2 2 1 2 1 2 1 2 1 1 2 2 1 1 2 2 1 1 -9 -9 13 13 5 5 7 4 8 5 6 6 11 4 13 11
4806 8 1 1 1 1 1 2 2 2 2 2 1 1 1 2 1 1 1 2 2 2 1 1 2 2 1 1 -9 -9 -9 -9 5 3 7 4 5 5 -9 -9 10 1 13 11
4807 8 1 1 1 1 1 1 1 2 2 2 1 2 1 2 1 1 1 2 2 2 1 1 2 2 1 1 3 3 19 19 5 5 5 4 5 5 -9 -9 1 10 14 4
4808 8 1 1 1 1 1 1 2 2 2 2 1 1 1 2 1 1 1 1 2 2 1 1 2 2 1 1 3 2 24 19 5 3 7 4 5 5 -9 -9 10 4 13 4
4809 8 1 1 1 1 1 1 1 2 2 2 1 1 1 2 1 1 1 1 2 2 2 2 1 2 1 1 3 3 19 13 5 5 7 5 5 1 6 4 10 5 -9 -9
4810 8 1 1 1 2 2 2 2 2 2 2 1 2 1 2 1 1 1 2 2 2 1 1 2 2 2 2 3 2 18 13 5 2 4 2 8 8 -9 -9 -9 -9 14 14
4811 8 1 2 1 1 1 1 2 2 2 2 1 2 1 2 1 1 1 2 1 1 1 1 2 2 1 1 -9 -9 24 13 4 3 -9 -9 6 5 -9 -9 11 3 14 8
4812 8 1 1 1 1 1 1 1 2 2 2 1 1 1 2 1 1 1 2 2 2 1 1 2 2 1 2 2 2 3 3 -9 -9 4 4 1 1 -9 -9 10 10 13 10
4813 8 1 1 1 2 1 2 1 2 2 2 1 2 1 2 1 1 1 1 2 2 2 2 2 2 1 1 3 3 19 13 5 5 8 4 5 5 -9 -9 10 10 14 11
4825 47 1 2 1 2 1 1 1 2 2 2 1 1 1 2 1 2 1 2 2 2 1 1 2 2 1 1 7 7 24 6 5 3 5 4 -9 -9 -9 -9 -9 -9 8 2
4826 47 1 1 1 1 2 2 2 2 2 2 1 1 1 2 1 2 1 1 2 2 2 2 1 2 1 1 7 7 24 6 4 2 7 4 5 5 -9 -9 10 4 8 6
4827 47 1 2 1 1 1 1 2 2 2 2 1 2 1 2 1 1 1 1 2 2 2 2 2 2 1 1 15 7 21 21 4 4 7 4 8 7 -9 -9 10 4 16 4
4828 47 1 2 1 1 1 1 1 1 1 2 1 2 1 2 1 2 1 1 1 2 1 1 2 2 1 2 15 7 21 11 2 2 9 4 -9 -9 8 6 -9 -9 11 6
4829 47 1 2 1 1 1 1 1 2 2 2 1 1 1 2 1 1 1 2 2 2 1 1 2 2 1 1 15 7 4 1 4 4 7 4 -9 -9 4 4 11 4 14 13
4830 47 1 1 1 2 1 1 1 2 2 2 1 2 1 2 1 1 1 1 2 2 1 1 2 2 1 1 -9 -9 21 15 5 5 7 7 11 8 -9 -9 11 4 16 13
4831 47 1 2 1 1 1 1 2 2 2 2 1 2 1 2 1 2 1 1 1 2 1 2 2 2 1 1 -9 -9 -9 -9 4 2 -9 -9 -9 -9 -9 -9 -9 -9 11 6
4832 47 1 2 2 2 2 2 1 2 2 2 1 1 1 2 1 1 1 1 2 2 1 1 2 2 1 1 3 3 15 1 2 2 4 2 11 5 12 12 11 11 16 11
4833 47 1 1 1 2 1 1 1 1 1 2 1 2 1 2 1 1 1 1 2 2 1 1 2 2 1 1 15 7 16 4 2 2 4 4 -9 -9 13 6 -9 -9 -9 -9
4834 47 1 2 1 2 1 1 1 2 1 1 1 1 1 1 1 2 1 1 2 2 1 1 2 2 1 2 7 2 4 4 4 4 7 4 11 1 13 8 4 4 -9 -9
4855 4 1 2 -9 -9 -9 -9 -9 -9 1 2 1 1 1 2 1 2 2 2 2 2 1 2 2 2 1 1 7 7 1 1 5 5 8 4 8 5 12 4 11 2 13 11
4856 4 1 1 1 2 1 1 1 2 1 2 1 2 1 2 1 2 2 2 1 2 2 2 2 2 1 1 14 7 -9 -9 5 5 4 4 8 5 11 11 10 2 -9 -9
4857 4 1 2 1 2 1 2 1 2 1 2 1 2 1 2 1 2 1 2 2 2 2 2 2 2 1 1 7 7 -9 -9 5 5 5 4 8 5 -9 -9 11 10 -9 -9
4858 4 1 1 1 2 1 1 1 1 2 2 1 1 1 2 1 1 2 2 2 2 2 2 2 2 1 1 7 7 1 1 5 5 8 4 5 5 -9 -9 11 10 13 13
4859 4 1 2 1 1 2 2 1 1 2 2 1 2 1 2 1 1 1 2 1 1 2 2 1 2 1 1 7 7 3 1 4 4 7 5 -9 -9 12 8 -9 -9 11 6
4860 4 1 2 1 1 1 2 1 2 1 2 1 1 1 2 1 2 2 2 2 2 2 2 2 2 1 1 7 7 1 1 -9 -9 7 4 5 5 8 8 10 10 -9 -9
4861 4 1 2 1 1 1 2 1 2 1 2 1 1 1 2 1 1 2 2 2 2 2 2 2 2 1 1 7 2 3 3 5 2 7 7 11 8 8 6 3 3 13 11
4862 4 1 1 1 2 1 1 2 2 2 2 1 2 1 2 1 2 2 2 2 2 2 2 2 2 1 1 7 2 11 1 5 5 4 4 5 5 8 8 10 3 13 13
4863 4 1 2 1 2 1 1 1 2 2 2 1 2 1 2 1 1 2 2 2 2 2 2 2 2 1 1 7 7 4 1 5 5 4 4 8 5 12 8 6 2 13 11
4864 4 1 2 1 2 1 2 1 2 1 2 1 1 1 2 1 1 1 2 2 2 1 1 1 2 1 1 14 7 11 6 5 5 7 4 8 5 12 8 3 2 13 11
4984 5 1 2 1 2 2 2 1 1 1 2 1 2 1 2 1 1 1 1 2 2 2 2 1 2 1 1 -9 -9 1 1 5 4 -9 -9 8 5 6 4 11 1 13 13
4985 5 1 2 -9 -9 1 2 1 1 2 2 1 1 1 2 1 2 1 2 1 1 1 1 1 2 1 1 7 2 1 1 5 4 8 8 5 2 13 1 11 1 13 6
4986 5 1 2 1 2 1 2 1 1 1 2 1 2 1 2 1 1 1 2 2 2 2 2 2 2 1 1 14 14 6 1 5 2 7 4 11 11 6 4 10 1 16 6
4987 5 1 2 2 2 1 2 2 2 1 2 1 2 1 2 1 1 1 2 2 2 1 1 2 2 1 1 14 7 6 1 5 4 -9 -9 8 5 12 4 10 1 11 6
4988 5 1 2 2 2 1 2 1 1 2 2 1 2 1 2 1 1 1 2 2 2 2 2 2 2 1 1 13 2 5 1 4 4 4 4 11 5 12 8 11 10 16 11
4989 5 1 2 1 2 1 2 2 2 1 1 1 1 1 2 1 1 1 2 1 2 1 1 2 2 1 1 2 2 3 1 3 3 4 4 8 8 6 4 10 1 11 6
4990 5 1 1 2 2 1 1 1 1 1 2 1 2 1 2 1 2 1 1 2 2 2 2 2 2 1 1 2 2 1 1 5 4 7 5 8 8 12 4 10 3 13 6
4991 5 1 2 2 2 2 2 1 2 2 2 1 2 1 2 1 2 1 1 2 2 2 2 2 2 1 1 2 2 17 3 5 5 8 5 5 5 8 6 -9 -9 13 2
4992 5 1 2 1 2 1 2 1 2 2 2 1 2 1 2 1 2 1 1 1 2 2 2 2 2 1 1 7 2 -9 -9 4 4 7 5 5 5 12 8 11 10 11 2
4993 5 1 2 2 2 1 2 1 2 1 2 1 2 2 2 1 1 1 2 2 2 2 2 2 2 1 1 -9 -9 -9 -9 5 4 -9 -9 11 2 12 4 4 1 16 13
5271 43 1 1 1 1 2 2 1 1 1 1 1 2 2 2 1 1 1 1 2 2 2 2 1 2 1 1 16 14 -9 -9 -9 -9 4 4 9 9 -9 -9 11 11 -9 -9
5274 43 1 1 2 2 1 1 1 2 2 2 1 2 1 1 1 1 1 1 2 2 2 2 1 2 1 1 16 14 5 3 2 2 4 4 9 9 8 8 11 11 11 6
5275 43 1 1 1 1 2 2 1 2 1 2 1 2 2 2 1 1 1 2 2 2 2 2 2 2 1 1 16 13 5 3 2 2 4 4 9 9 -9 -9 10 10 11 6
5276 43 1 1 1 2 1 1 1 1 1 1 2 2 1 1 1 1 1 1 2 2 1 2 1 2 1 1 16 15 -9 -9 2 2 4 4 9 9 -9 -9 11 10 11 6
5277 43 1 1 2 2 2 2 1 1 2 2 1 2 2 2 1 1 1 1 2 2 2 2 1 2 1 1 15 14 3 3 2 2 4 4 9 9 8 4 11 10 11 11
5278 43 1 1 1 2 1 2 1 2 2 2 1 2 2 2 1 1 1 1 2 2 2 2 1 2 1 1 15 14 6 3 2 2 4 4 9 9 8 8 11 10 6 6
5279 43 1 1 2 2 1 2 1 1 1 1 1 2 1 1 1 1 1 1 2 2 2 2 2 2 1 1 15 14 3 3 2 2 4 4 -9 -9 8 8 -9 -9 11 4
5280 43 1 1 1 2 1 2 1 1 2 2 1 2 1 1 1 1 1 1 2 2 2 2 2 2 1 1 -9 -9 5 3 2 2 -9 -9 9 9 8 8 11 11 11 11
5281 43 1 1 -9 -9 1 2 1 2 2 2 1 2 2 2 1 1 1 1 2 2 2 2 1 2 1 1 15 14 19 5 5 2 4 4 -9 -9 8 8 -9 -9 11 6
5282 43 1 1 1 2 -9 -9 1 1 2 2 1 2 1 1 1 1 1 1 2 2 2 2 1 2 1 1 14 14 3 3 2 2 4 4 9 9 8 8 11 10 11 11
5293 14 1 1 2 2 2 2 2 2 2 2 1 1 1 2 1 2 2 2 1 1 1 1 1 2 1 1 3 3 1 1 -9 -9 7 7 1 1 12 8 11 4 -9 -9
5294 14 1 1 1 1 1 2 1 1 1 2 1 1 1 2 1 2 2 2 2 2 2 2 2 2 1 1 3 2 -9 -9 4 4 7 7 1 1 12 12 4 4 13 8
5295 14 1 1 1 1 1 1 1 2 1 2 1 1 1 2 1 2 1 2 2 2 1 1 1 2 1 1 3 2 18 1 4 4 7 7 1 1 13 12 -9 -9 13 6
5296 14 1 1 1 2 1 2 2 2 2 2 1 1 1 2 1 2 2 2 1 2 1 1 1 1 1 1 14 2 16 16 4 4 8 5 8 1 12 6 4 4 14 13
5297 14 1 1 1 1 1 1 1 2 2 2 1 1 1 1 1 1 1 1 1 2 2 2 1 2 1 1 2 2 -9 -9 5 4 5 5 -9 -9 -9 -9 -9 -9 13 10
5298 14 1 1 1 2 1 1 2 2 2 2 1 1 1 1 1 1 1 2 1 2 2 2 1 2 1 1 14 3 16 15 -9 -9 7 2 5 5 12 6 4 4 -9 -9
5299 14 1 1 1 2 1 1 2 2 2 2 1 1 1 2 1 1 1 1 1 2 1 2 1 2 1 1 3 2 16 16 4 4 8 5 6 1 12 12 4 4 14 13
5300 14 1 1 -9 -9 1 1 2 2 2 2 1 1 1 1 1 1 1 1 2 2 1 1 1 1 1 1 7 3 -9 -9 -9 -9 5 5 -9 -9 -9 -9 -9 -9 13 4
5301 14 1 1 1 1 1 1 2 2 2 2 1 1 1 2 1 2 1 1 2 2 2 2 1 2 1 2 5 3 17 11 6 4 7 4 1 1 12 6 4 4 13 13
5302 14 1 1 2 2 1 2 2 2 2 2 1 1 1 1 1 2 1 1 2 2 2 2 1 2 1 2 5 3 11 7 4 6 7 2 2 1 13 12 6 4 13 13
8689 19 1 1 1 1 1 2 1 1 1 2 1 2 2 2 1 1 1 1 1 2 2 2 1 2 1 1 13 13 17 9 3 2 4 4 -9 -9 8 6 10 10 11 5
8690 19 1 1 1 1 1 2 1 1 1 2 1 2 1 2 1 1 1 1 1 2 1 2 2 2 1 1 14 13 18 15 3 2 -9 -9 -9 -9 8 6 3 3 11 6
8691 19 1 1 1 1 2 2 1 1 1 2 1 2 2 2 1 1 1 1 2 2 1 1 2 2 1 1 13 12 17 9 3 2 4 4 -9 -9 8 8 10 3 10 10
8692 19 1 1 1 2 2 2 1 1 1 1 1 2 2 2 1 1 1 1 1 2 1 2 2 2 1 1 13 2 -9 -9 3 2 4 4 -9 -9 -9 -9 10 10 11 6
8693 19 1 1 1 1 2 2 1 1 1 2 1 2 2 2 1 1 1 1 2 2 1 2 1 1 1 2 -9 -9 17 16 3 2 4 4 -9 -9 8 8 10 3 11 11
8694 19 1 1 1 2 2 2 1 1 1 2 1 2 2 2 1 1 1 1 2 2 2 2 1 2 1 2 13 9 17 9 3 2 4 4 -9 -9 8 8 10 3 11 5
8695 19 1 1 1 1 2 2 1 1 2 2 1 2 1 2 1 1 1 1 1 2 1 2 2 2 1 2 14 9 16 6 3 2 4 4 10 10 8 6 10 3 6 6
8696 19 1 1 1 1 2 2 1 1 2 2 1 2 2 2 1 1 1 1 2 2 1 1 1 2 1 1 9 7 17 9 3 2 8 4 -9 -9 8 6 10 3 11 11
8697 19 1 1 1 1 2 2 1 1 1 2 1 2 2 2 1 1 1 1 2 2 2 2 1 2 1 2 14 13 16 16 3 2 4 4 10 3 8 6 3 3 11 11
8698 19 1 1 1 1 2 2 1 1 1 2 1 2 2 2 1 1 1 1 1 2 1 2 2 2 1 1 9 7 17 17 3 2 4 4 10 10 8 8 10 10 10 5
8710 11 1 1 1 1 2 2 2 2 2 2 1 1 1 1 1 2 2 2 2 2 1 1 2 2 1 1 -9 -9 6 6 3 3 -9 -9 5 5 8 6 10 3 16 6
8711 11 1 1 1 2 2 2 1 2 2 2 1 1 1 1 1 2 2 2 2 2 1 1 2 2 1 1 2 2 6 6 3 3 4 4 -9 -9 -9 -9 3 3 16 4
8712 11 1 1 1 1 1 2 1 2 2 2 1 1 1 1 1 2 2 2 2 2 1 1 2 2 1 1 2 2 6 3 3 2 4 4 5 3 6 1 10 3 16 16
8713 11 1 1 1 2 2 2 2 2 2 2 1 2 1 1 1 2 1 2 2 2 2 2 2 2 1 1 2 2 6 3 -9 -9 4 4 5 5 8 6 10 3 14 10
8714 11 1 1 1 1 2 2 1 2 2 2 1 1 1 1 1 2 1 2 2 2 1 1 1 2 1 2 12 2 6 6 3 3 4 4 -9 -9 6 1 -9 -9 16 4
8715 11 1 1 1 2 1 2 1 1 2 2 1 1 1 1 1 2 2 2 2 2 2 2 2 2 1 1 2 2 -9 -9 3 3 4 4 3 3 -9 -9 10 10 16 6
8717 11 1 1 1 1 2 2 2 2 2 2 1 1 1 1 1 2 2 2 2 2 1 1 2 2 1 1 2 2 6 6 3 2 4 4 5 3 8 6 10 1 16 16
8718 11 1 1 1 1 2 2 1 2 2 2 1 1 1 1 1 2 2 2 2 2 1 1 2 2 1 1 7 2 6 6 3 3 4 4 3 3 8 6 10 1 16 16
8719 11 1 1 1 1 2 2 1 2 2 2 1 1 1 1 1 2 2 2 2 2 1 1 2 2 2 2 2 2 6 6 -9 -9 4 4 5 3 6 1 10 1 -9 -9
8750 2 1 1 1 1 1 1 1 2 2 2 1 1 1 2 1 2 1 1 2 2 2 2 2 2 1 1 3 2 24 24 4 3 8 8 5 5 12 9 10 7 14 13
8751 2 1 1 1 1 1 2 1 2 1 2 1 1 1 2 1 2 1 1 2 2 1 2 2 2 1 1 14 3 18 9 5 5 4 4 -9 -9 -9 -9 4 4 14 11
8752 2 1 1 1 1 1 1 2 2 2 2 1 1 1 2 1 2 1 1 1 2 1 1 2 2 1 2 3 3 18 18 4 4 4 4 6 5 13 8 4 4 14 14
8753 2 1 1 1 1 1 1 1 2 2 2 1 1 1 2 1 2 1 2 2 2 1 2 2 2 1 1 3 3 15 15 5 5 4 4 6 5 -9 -9 4 4 8 8
8754 2 1 1 -9 -9 1 1 1 2 2 2 1 1 1 2 1 1 1 1 1 2 1 1 1 1 1 1 14 2 19 18 5 4 7 7 5 5 12 8 10 4 14 6
8755 2 1 1 2 2 1 1 1 2 2 2 1 1 1 2 1 1 2 2 2 2 1 1 1 2 1 1 2 2 24 7 4 3 8 4 5 5 9 6 7 4 14 8
8756 2 1 1 1 2 1 1 2 2 2 2 1 1 1 2 1 2 1 1 2 2 2 2 1 1 1 1 3 2 24 24 3 3 7 4 2 2 -9 -9 10 4 11 6
8757 2 1 1 1 2 1 1 2 2 2 2 1 1 1 2 1 1 1 2 2 2 1 1 2 2 1 2 3 2 24 15 4 4 7 7 -9 -9 -9 -9 -9 -9 14 13
8758 2 1 1 1 1 1 1 2 2 2 2 1 1 1 2 1 2 1 1 2 2 1 2 1 2 1 1 3 3 -9 -9 4 3 7 7 -9 -9 12 12 -9 -9 14 6
8759 2 1 1 1 2 1 1 1 2 2 2 1 1 1 2 1 1 1 1 2 2 1 2 1 1 1 1 3 2 19 15 4 4 7 7 -9 -9 13 9 10 4 14 2
8800 3 1 1 -9 -9 -9 -9 1 1 2 2 1 2 1 2 1 2 1 2 1 1 1 2 1 2 1 1 7 2 -9 -9 -9 -9 7 4 7 7 -9 -9 11 11 16 6
8801 3 1 1 -9 -9 -9 -9 1 1 2 2 1 1 1 1 1 2 1 2 1 2 1 1 2 2 1 1 2 2 -9 -9 3 3 4 11 -9 -9 13 11 -9 -9 16 6
8802 3 1 1 1 2 2 2 1 1 2 2 1 2 1 2 1 2 1 1 1 1 2 2 1 1 1 1 7 2 -9 -9 4 3 4 4 7 7 -9 -9 10 3 16 16
8803 3 1 1 1 2 2 2 1 1 2 2 1 1 1 2 1 2 1 2 1 1 1 1 2 2 1 1 7 2 5 2 3 3 4 4 -9 -9 13 11 10 3 16 6
8804 3 1 1 -9 -9 2 2 1 1 2 2 1 2 1 2 1 2 2 2 1 1 1 2 2 2 1 1 -9 -9 19 5 -9 -9 -9 -9 -9 -9 -9 -9 3 3 6 5
8805 3 1 1 -9 -9 2 2 1 1 1 2 1 1 1 2 1 2 1 1 1 1 2 2 1 2 1 1 7 2 5 3 3 3 7 4 12 12 11 1 3 3 16 16
8806 3 1 1 -9 -9 1 2 1 1 1 1 1 2 1 1 1 2 1 1 1 1 1 2 2 2 1 1 7 2 -9 -9 -9 -9 -9 -9 -9 -9 -9 -9 -9 -9 6 6
8807 3 1 1 1 2 1 2 1 1 1 1 1 2 1 1 1 2 1 2 1 1 2 2 2 2 1 1 -9 -9 5 3 3 3 -9 -9 12 12 13 11 11 3 16 6
8808 3 1 1 -9 -9 1 2 1 1 1 2 1 2 1 1 1 2 1 2 1 1 1 2 2 2 1 1 7 2 3 3 -9 -9 4 4 -9 -9 13 13 10 3 16 6
8809 3 1 2 -9 -9 -9 -9 1 1 1 2 1 2 1 1 1 2 1 2 2 2 1 2 2 2 1 1 7 7 5 3 -9 -9 4 4 12 12 13 11 10 10 16 6
8828 41 1 1 -9 -9 1 1 2 2 2 2 1 1 1 1 1 2 1 1 1 2 1 1 1 1 1 1 7 2 6 5 3 3 4 4 7 7 1 1 10 10 16 16
8829 41 1 1 -9 -9 1 1 2 2 1 1 1 1 1 1 1 2 1 1 2 2 1 1 1 1 1 1 7 2 15 6 3 3 4 4 -9 -9 1 1 3 3 16 16
8831 41 1 1 -9 -9 1 1 1 2 2 2 1 2 1 1 1 1 1 2 1 1 1 1 1 1 1 1 7 2 6 3 -9 -9 4 4 7 7 1 1 11 10 16 6
8832 41 1 1 -9 -9 1 2 2 2 1 2 1 2 1 1 1 1 1 1 1 1 -9 -9 1 2 2 2 -9 -9 -9 -9 -9 -9 -9 -9 -9 -9 -9 -9 -9 -9 -9 -9
8833 41 1 1 -9 -9 1 1 2 2 2 2 1 1 1 1 1 2 1 1 1 2 1 2 2 2 1 1 7 7 5 5 3 3 4 4 -9 -9 13 11 -9 -9 6 6
8834 41 1 1 -9 -9 1 2 1 2 2 2 1 1 1 1 1 1 1 1 1 1 1 2 1 1 1 1 2 2 6 5 -9 -9 4 4 5 5 11 11 10 3 16 6
8835 41 1 1 -9 -9 2 2 2 2 1 2 1 2 1 1 1 2 1 1 1 2 1 1 2 2 1 1 -9 -9 -9 -9 -9 -9 -9 -9 -9 -9 11 11 -9 -9 -9 -9
8837 41 1 1 -9 -9 1 2 2 2 1 1 1 1 1 1 1 2 1 1 1 2 1 1 2 2 1 1 7 2 -9 -9 3 3 4 4 5 5 -9 -9 -9 -9 5 5
8839 41 1 1 -9 -9 1 1 1 2 2 2 1 1 1 1 1 2 1 2 1 1 2 2 1 1 1 1 2 2 6 5 -9 -9 7 4 5 5 11 11 11 10 16 16
8863 9 1 1 -9 -9 2 2 1 1 2 2 1 1 1 2 2 2 2 2 1 2 2 2 1 2 1 2 7 2 2 2 3 3 4 4 -9 -9 13 11 -9 -9 -9 -9
8864 9 1 1 -9 -9 2 2 1 1 2 2 1 1 1 2 2 2 1 2 1 1 2 2 2 2 1 1 7 7 14 11 -9 -9 4 4 -9 -9 1 1 -9 -9 16 6
8865 9 1 1 -9 -9 2 2 1 1 1 1 1 1 1 1 1 2 1 1 1 1 1 1 1 1 1 1 2 2 2 2 -9 -9 4 4 -9 -9 13 11 -9 -9 5 5
8866 9 1 1 -9 -9 1 2 1 2 1 1 1 1 1 1 1 2 1 1 1 1 2 2 2 2 1 1 7 7 4 4 3 3 4 4 5 5 13 11 10 10 16 6
8867 9 1 1 -9 -9 1 2 1 2 2 2 1 2 1 1 1 2 1 1 2 2 2 2 1 2 1 1 7 2 14 4 -9 -9 4 4 -9 -9 11 11 -9 -9 16 6
8868 9 1 1 -9 -9 2 2 1 2 2 2 1 2 1 1 1 2 1 2 1 1 1 2 1 2 1 1 2 2 14 13 3 3 4 4 5 5 11 1 -9 -9 -9 -9
8869 9 1 1 -9 -9 2 2 1 1 2 2 1 2 1 1 1 2 1 1 1 2 1 2 2 2 1 1 7 7 -9 -9 -9 -9 4 4 -9 -9 -9 -9 -9 -9 6 6
8870 9 1 1 -9 -9 1 2 1 1 2 2 1 1 1 1 1 2 1 2 1 2 1 1 1 1 1 1 7 2 3 3 3 3 4 4 7 7 11 10 9 9 6 6
8871 9 1 1 -9 -9 1 1 2 2 2 2 1 2 1 2 1 2 1 1 1 2 1 1 1 2 1 2 2 2 -9 -9 3 3 4 4 13 13 11 11 8 8 -9 -9
8872 9 1 1 -9 -9 1 2 1 1 2 2 2 2 1 2 2 2 1 2 1 2 2 2 1 1 1 1 7 2 14 13 -9 -9 4 4 13 7 10 1 14 4 6 6
8896 1 1 1 1 2 2 2 1 2 2 2 1 2 1 1 1 1 1 1 1 2 1 1 2 2 1 1 7 2 24 2 -9 -9 4 4 13 13 -9 -9 15 8 16 6
8897 1 1 1 1 2 2 2 2 2 2 2 1 2 1 2 1 1 1 2 2 2 1 1 2 2 1 2 7 2 3 2 -9 -9 4 4 13 13 1 1 15 15 16 4
8898 1 1 1 -9 -9 2 2 2 2 2 2 1 2 1 2 1 2 1 1 2 2 1 2 2 2 1 1 2 2 24 14 3 3 4 4 7 5 10 1 8 5 16 4
8899 1 1 1 -9 -9 2 2 2 2 2 2 1 1 1 2 1 1 2 2 2 2 1 1 2 2 1 2 2 2 24 14 -9 -9 4 4 14 5 1 1 15 5 16 4
8900 1 1 1 1 2 1 2 1 2 1 1 1 2 1 1 1 1 1 1 1 2 1 1 2 2 1 1 7 2 13 2 -9 -9 4 4 -9 -9 1 1 -9 -9 16 6
8901 1 1 1 1 2 2 2 2 2 1 1 1 2 1 1 1 2 1 1 2 2 1 2 2 2 1 1 -9 -9 24 5 -9 -9 4 4 6 5 1 1 15 5 16 4
8902 1 1 1 -9 -9 2 2 2 2 2 2 1 1 1 1 1 1 1 2 1 2 1 1 2 2 1 1 7 2 24 5 -9 -9 4 4 5 14 1 1 6 6 16 6
8903 1 1 1 -9 -9 1 2 2 2 2 2 1 1 1 1 1 1 1 1 1 2 1 1 2 2 1 1 2 2 13 4 -9 -9 4 4 13 5 -9 -9 15 15 16 6
8904 1 1 1 1 2 2 2 2 2 2 2 1 2 1 1 1 2 1 2 2 2 1 2 2 2 1 1 8 7 -9 -9 -9 -9 4 4 2 2 -9 -9 10 10 16 4
8905 1 1 1 1 2 2 2 2 2 1 2 1 1 1 1 1 2 1 2 2 2 1 1 2 2 1 2 2 2 5 5 -9 -9 4 4 2 2 -9 -9 -9 -9 -9 -9
8925 17 1 1 1 2 1 2 2 2 2 2 1 1 1 1 1 2 2 2 1 2 1 1 1 2 2 2 7 2 3 3 -9 -9 4 4 5 5 -9 -9 10 2 6 4
8926 17 1 1 -9 -9 1 2 2 2 2 2 1 1 1 1 1 2 2 2 1 2 1 1 1 2 2 2 -9 -9 3 3 -9 -9 -9 -9 5 5 -9 -9 -9 -9 -9 -9
8927 17 1 1 -9 -9 1 2 2 2 2 2 1 1 1 2 1 2 2 2 1 2 1 1 1 2 2 2 7 2 3 3 -9 -9 4 4 5 5 -9 -9 10 2 6 4
8928 17 1 1 -9 -9 1 2 2 2 2 2 1 1 1 2 1 2 2 2 1 2 1 1 1 2 1 1 7 2 3 3 -9 -9 4 4 5 5 -9 -9 10 2 6 4
8929 17 1 1 -9 -9 1 2 2 2 2 2 1 1 1 2 1 2 2 2 1 2 1 1 1 2 2 2 -9 -9 3 3 -9 -9 -9 -9 5 5 -9 -9 -9 -9 6 4
8930 17 1 1 1 2 1 2 2 2 2 2 1 1 1 2 1 2 2 2 1 2 1 1 1 2 2 2 7 2 -9 -9 -9 -9 4 4 5 5 -9 -9 10 2 6 4
8931 17 1 1 1 2 1 2 2 2 2 2 1 1 1 2 1 1 2 2 1 2 1 1 1 2 2 2 7 2 3 3 -9 -9 4 4 5 5 -9 -9 10 2 6 4
8932 17 1 1 -9 -9 1 2 2 2 2 2 1 1 1 1 1 2 2 2 1 2 1 1 1 2 2 2 7 2 -9 -9 -9 -9 4 4 5 5 -9 -9 10 2 6 4
8933 17 1 1 1 2 1 2 2 2 2 2 1 1 1 2 1 2 2 2 1 2 1 1 1 2 2 2 7 2 3 3 -9 -9 4 4 5 5 -9 -9 10 2 6 4
8934 17 1 1 1 2 1 2 1 2 2 2 1 1 1 1 1 2 2 2 1 2 1 1 1 2 2 2 -9 -9 -9 -9 -9 -9 4 4 5 5 -9 -9 10 2 6 4
8959 44 1 1 -9 -9 2 2 1 1 2 2 1 2 1 1 1 1 1 2 1 2 1 1 1 2 1 1 2 2 11 5 3 3 4 4 5 5 12 1 11 10 16 6
8960 44 1 1 1 2 2 2 2 2 2 2 1 2 1 1 1 2 2 2 1 2 1 1 2 2 1 1 2 2 -9 -9 3 3 4 4 -9 -9 -9 -9 11 10 16 7
8961 44 1 1 -9 -9 2 2 1 2 2 2 1 2 1 1 1 2 2 2 1 2 1 1 2 2 1 1 2 2 5 3 3 3 4 4 5 5 -9 -9 10 10 16 6
8962 44 1 1 -9 -9 2 2 2 2 2 2 1 1 1 1 1 2 2 2 1 2 1 1 2 2 1 1 -9 -9 -9 -9 3 3 -9 -9 -9 -9 -9 -9 11 10 6 6
8963 44 1 1 -9 -9 2 2 1 2 2 2 1 2 1 1 1 1 2 2 1 2 1 1 1 2 1 1 2 2 -9 -9 3 3 4 4 -9 -9 -9 -9 -9 -9 16 6
8964 44 1 1 1 1 2 2 1 2 2 2 1 2 1 1 1 1 2 2 1 2 1 1 2 2 1 1 2 2 -9 -9 3 3 4 4 -9 -9 -9 -9 -9 -9 7 4
8965 44 1 1 1 1 2 2 2 2 2 2 1 2 1 1 1 1 2 2 2 2 1 2 1 2 1 1 2 2 -9 -9 3 3 4 4 -9 -9 -9 -9 -9 -9 16 6
8966 44 1 1 1 1 2 2 1 1 2 2 1 1 1 2 1 2 2 2 2 2 1 1 1 2 1 1 2 2 3 3 3 3 4 4 -9 -9 12 1 11 11 -9 -9
8967 44 1 1 -9 -9 2 2 1 2 2 2 1 2 1 1 1 1 2 2 1 2 1 1 2 2 1 1 2 2 -9 -9 -9 -9 4 4 -9 -9 -9 -9 11 10 16 6
8968 44 1 1 1 1 1 2 1 2 2 2 1 2 1 1 1 2 2 2 2 2 1 1 2 2 1 1 2 2 -9 -9 3 3 4 4 -9 -9 -9 -9 11 10 -9 -9
10261 12 1 1 2 2 1 1 2 2 2 2 2 2 1 1 1 2 1 2 2 2 2 2 2 2 2 2 -9 -9 11 11 14 14 -9 -9 7 7 1 1 11 11 -9 -9
10262 12 1 1 2 2 1 1 2 2 2 2 1 2 1 1 1 2 1 2 1 1 2 2 2 2 2 2 6 2 9 7 14 14 9 5 7 7 2 2 11 11 8 6
10263 12 1 1 2 2 1 1 1 2 2 2 1 2 1 1 1 2 1 2 2 2 2 2 2 2 2 2 2 2 10 8 14 14 7 4 7 7 -9 -9 11 10 16 8
10264 12 1 1 2 2 1 1 1 2 2 2 1 2 1 1 2 2 2 2 2 2 2 2 2 2 2 2 2 2 15 11 14 14 6 4 7 4 -9 -9 11 11 -9 -9
10265 12 1 1 2 2 1 1 2 2 2 2 1 2 1 1 2 2 2 2 2 2 2 2 2 2 1 1 6 2 10 7 14 14 9 7 7 7 -9 -9 10 2 -9 -9
10266 12 1 1 1 2 1 1 2 2 2 2 1 2 1 1 1 2 2 2 1 1 2 2 2 2 1 2 2 2 15 10 14 14 8 3 7 4 6 1 11 2 -9 -9
10267 12 1 1 2 2 1 1 1 1 1 1 1 2 1 1 1 2 1 2 2 2 2 2 2 2 1 1 2 2 13 4 13 13 7 5 3 3 -9 -9 10 10 -9 -9
10268 12 1 1 2 2 1 1 2 2 2 2 1 2 1 1 1 2 1 2 2 2 2 2 2 2 1 2 6 2 17 16 14 14 2 2 7 4 6 1 11 11 8 8
10269 12 1 1 2 2 1 1 2 2 2 2 1 2 1 1 1 2 2 2 1 2 2 2 2 2 2 2 6 2 14 14 14 14 7 4 4 4 -9 -9 11 11 13 8
10270 12 1 1 1 2 1 1 2 2 1 1 1 2 1 1 1 2 1 1 1 1 2 2 2 2 2 2 2 2 10 8 14 14 8 8 7 7 -9 -9 10 10 8 6
10274 46 1 1 1 1 1 2 2 2 2 2 1 1 2 2 1 1 1 2 2 2 2 2 1 2 1 2 3 2 22 14 4 4 5 4 7 6 12 8 -9 -9 13 4
10275 46 1 1 -9 -9 1 1 2 2 1 1 1 1 1 2 1 2 2 2 1 2 2 2 2 2 1 1 3 1 17 10 5 3 4 4 -9 -9 -9 -9 -9 -9 -9 -9
10276 46 1 1 1 2 1 1 2 2 2 2 1 1 1 2 1 2 2 2 2 2 1 1 2 2 1 1 7 2 16 4 4 3 7 4 7 3 -9 -9 10 3 13 8
10277 46 1 1 2 2 1 2 2 2 1 2 1 1 1 1 1 1 1 1 2 2 2 2 2 2 1 1 2 1 20 20 5 4 4 4 4 4 13 12 10 2 13 8
10278 46 1 1 2 2 1 1 2 2 2 2 1 1 1 2 1 2 2 2 1 2 2 2 2 2 1 1 5 2 24 4 5 3 7 4 7 2 12 12 10 2 13 13
10279 46 1 1 1 2 1 1 2 2 2 2 1 1 1 2 1 2 1 1 2 2 2 2 2 2 1 1 7 1 14 4 5 5 8 7 10 4 9 8 10 2 6 4
10280 46 1 1 -9 -9 1 1 2 2 2 2 1 1 1 2 1 2 2 2 1 2 2 2 1 2 1 1 5 1 20 10 5 5 8 4 4 4 4 4 10 3 13 11
10281 46 1 1 1 2 1 2 2 2 2 2 1 1 1 2 1 2 2 2 1 2 1 2 2 2 1 1 7 2 21 10 4 4 7 4 7 4 -9 -9 10 10 13 4
10282 46 1 1 -9 -9 1 1 2 2 2 2 1 1 2 2 1 1 1 1 1 2 2 2 2 2 1 2 2 2 21 22 4 4 5 5 6 6 12 12 4 2 13 13
10283 46 1 1 1 2 1 1 2 2 2 2 1 1 1 2 1 2 2 2 1 2 1 1 2 2 1 1 7 7 4 4 4 4 5 4 10 4 9 4 10 4 6 4
10284 42 1 1 1 1 1 1 2 2 1 2 1 1 1 2 1 1 1 1 2 2 2 2 2 2 1 1 2 1 17 4 4 4 8 5 6 6 12 4 3 3 13 13
10285 42 1 1 2 2 1 2 2 2 2 2 1 1 1 2 1 2 2 2 2 2 2 2 2 2 1 1 6 3 17 4 4 4 5 4 6 6 13 12 10 3 13 8
10286 42 1 1 1 1 1 2 2 2 2 2 1 1 1 1 1 2 1 2 1 2 1 2 2 2 1 1 2 2 21 19 4 4 5 4 7 4 12 4 3 2 -9 -9
10287 42 1 1 -9 -9 1 2 1 2 1 2 1 1 1 2 1 1 2 2 2 2 2 2 2 2 1 1 5 2 21 10 4 4 5 5 6 3 -9 -9 3 3 8 8
10288 42 1 1 2 2 2 2 2 2 2 2 1 1 1 2 1 1 1 1 1 2 2 2 2 2 1 2 5 3 10 9 4 4 4 4 7 7 8 4 10 3 16 8
10289 42 1 1 1 1 1 2 2 2 1 2 1 1 1 2 1 2 2 2 2 2 1 2 2 2 1 1 5 5 22 11 4 3 9 7 6 3 8 6 2 2 13 4
10290 42 1 1 2 2 1 2 2 2 2 2 1 1 1 2 1 1 2 2 2 2 2 2 2 2 1 1 3 2 17 4 4 3 4 4 6 2 12 9 3 3 13 13
10291 42 1 1 2 2 1 1 2 2 2 2 1 1 1 2 1 2 2 2 2 2 2 2 2 2 1 1 5 2 22 10 4 4 8 4 7 3 -9 -9 3 3 16 13
10292 42 1 1 -9 -9 2 2 1 2 1 2 1 1 1 2 1 1 1 1 2 2 2 2 2 2 1 1 3 2 20 4 5 4 7 7 6 2 -9 -9 10 3 13 6
10293 42 1 1 1 1 1 1 2 2 1 2 1 1 1 2 1 2 2 2 1 2 2 2 2 2 1 1 5 2 13 4 5 3 9 5 6 6 12 6 4 3 8 4
10311 7 1 1 2 2 1 1 1 2 1 2 1 2 2 2 1 1 1 1 2 2 2 2 2 2 1 1 14 14 18 3 2 2 4 4 8 8 8 8 10 10 4 4
10312 7 1 1 1 2 2 2 1 1 1 2 1 2 1 2 1 1 1 1 2 2 2 2 2 2 1 1 14 7 22 18 2 2 4 4 8 8 8 8 10 10 11 11
10313 7 1 1 1 2 1 2 1 1 2 2 1 2 1 2 1 1 1 1 2 2 2 2 2 2 1 1 15 14 20 19 2 2 4 4 8 8 8 8 10 10 11 4
10314 7 1 1 1 2 1 1 1 1 2 2 1 2 1 1 1 1 1 1 2 2 2 2 2 2 1 1 14 14 3 3 2 2 4 4 -9 -9 8 8 -9 -9 4 4
10315 7 1 1 1 2 2 2 1 2 2 2 1 2 1 1 1 1 1 1 2 2 2 2 1 2 1 1 14 14 18 3 2 2 4 4 8 8 8 8 10 10 4 2
10316 7 1 1 2 2 1 2 1 1 1 1 1 2 2 2 1 1 1 1 2 2 2 2 2 2 1 1 14 14 23 3 2 2 4 4 8 8 8 8 10 10 11 11
10317 7 1 1 1 2 2 2 1 1 1 2 1 2 1 2 1 1 1 1 2 2 2 2 1 2 1 1 14 14 20 3 2 2 4 4 8 8 8 8 10 10 6 4
10318 7 1 1 2 2 2 2 2 2 2 2 1 2 2 2 1 1 1 1 2 2 2 2 2 2 1 1 14 14 3 3 2 2 4 4 8 8 8 8 10 10 11 11
10319 7 1 1 2 2 1 2 1 1 2 2 1 2 1 1 1 1 1 2 2 2 2 2 2 2 1 1 14 14 5 3 2 2 4 4 8 8 8 8 10 10 11 11
10320 7 1 1 1 2 1 2 1 2 2 2 1 2 1 2 1 1 1 1 2 2 2 2 2 2 1 1 14 14 18 3 2 2 4 4 8 8 8 8 10 10 11 11
10342 13 1 2 1 2 2 2 1 1 1 2 1 2 1 1 1 2 2 2 1 2 2 2 2 2 1 1 7 2 13 6 3 3 4 4 11 4 8 6 10 10 6 6
10343 13 1 2 2 2 2 2 1 1 2 2 1 2 1 2 1 1 1 2 2 2 2 2 2 2 1 1 2 2 13 3 -9 -9 4 4 11 11 -9 -9 10 10 6 6
10344 13 1 1 1 1 2 2 1 2 1 1 1 2 1 2 1 1 1 2 2 2 2 2 1 2 1 1 7 2 19 14 3 3 4 4 11 4 -9 -9 10 10 6 6
10345 13 1 1 1 1 2 2 1 1 1 2 1 2 1 1 1 2 1 2 2 2 1 2 1 2 1 1 7 2 18 3 -9 -9 7 4 11 4 8 6 10 10 16 6
10346 13 1 1 1 2 2 2 1 2 2 2 2 2 1 2 1 2 1 2 1 2 2 2 2 2 1 1 7 7 12 12 3 3 4 4 4 4 6 6 10 10 16 6
10347 13 1 2 1 2 2 2 1 2 1 2 1 2 1 2 1 2 1 2 1 1 1 2 1 2 1 1 2 2 13 6 -9 -9 4 4 11 11 8 6 10 3 16 6
10348 13 1 2 1 2 2 2 1 2 1 1 2 2 1 1 1 2 1 2 2 2 2 2 1 2 1 1 7 2 13 6 -9 -9 4 4 4 4 8 6 10 3 16 6
10349 13 1 1 1 2 2 2 2 2 1 1 2 2 1 1 1 2 1 2 1 2 2 2 2 2 1 1 7 2 19 13 3 3 7 4 11 4 -9 -9 11 10 16 6
10350 13 1 1 1 1 2 2 2 2 2 2 1 1 1 1 1 2 1 2 2 2 2 2 2 2 1 1 7 7 13 13 3 3 4 4 4 4 8 6 10 10 16 16
10351 13 1 1 1 2 2 2 2 2 1 2 1 2 1 1 1 2 1 2 2 2 1 2 1 2 1 1 7 2 13 6 -9 -9 4 4 4 4 8 8 11 3 16 6
10352 45 1 1 1 2 1 1 1 2 2 2 1 1 1 1 1 2 2 2 2 2 1 1 2 2 1 1 2 2 8 7 -9 -9 4 4 -9 -9 8 1 -9 -9 6 4
10353 45 1 1 1 2 1 1 1 2 2 2 1 1 1 1 1 2 2 2 1 1 1 1 2 2 2 2 9 2 -9 -9 -9 -9 4 4 4 4 8 8 10 10 6 4
10354 45 1 1 1 2 1 1 1 1 2 2 1 1 1 1 1 2 2 2 1 2 1 1 2 2 2 2 9 2 -9 -9 -9 -9 4 4 4 4 8 8 10 10 6 4
10355 45 1 1 1 2 1 1 2 2 2 2 1 1 1 1 1 2 2 2 2 2 1 1 2 2 2 2 9 2 -9 -9 -9 -9 4 4 4 4 8 1 10 10 6 4
10356 45 1 1 1 2 1 1 1 2 2 2 1 2 1 1 1 2 2 2 1 2 1 1 2 2 1 1 9 9 8 7 -9 -9 4 4 4 4 8 1 10 10 6 4
10357 45 1 1 1 2 1 1 1 1 2 2 1 1 1 1 1 2 2 2 1 2 1 1 2 2 2 2 9 2 12 7 -9 -9 4 4 4 4 8 1 10 3 6 4
10358 45 1 1 1 2 1 1 1 1 2 2 1 1 1 1 1 2 2 2 2 2 1 1 2 2 1 2 9 2 7 7 -9 -9 4 4 4 4 8 8 10 10 6 4
10359 45 1 1 1 2 1 1 1 1 2 2 1 1 1 1 1 2 2 2 2 2 1 1 2 2 2 2 9 2 8 7 -9 -9 4 4 4 4 8 1 10 10 6 4
10360 45 1 1 1 2 1 1 1 1 2 2 1 1 1 1 1 2 2 2 2 2 1 1 2 2 2 2 2 2 8 7 -9 -9 4 4 4 4 8 6 10 10 6 4
10361 45 1 1 1 2 1 1 1 1 2 2 1 1 1 1 1 2 2 2 2 2 1 1 2 2 1 2 9 2 7 3 -9 -9 4 4 4 4 8 8 10 10 6 4
10362 6 1 1 1 1 2 2 2 2 2 2 1 1 1 1 1 2 1 2 2 2 1 1 2 2 1 2 7 2 6 6 -9 -9 4 4 4 3 8 6 10 10 16 6
10363 6 1 1 1 2 2 2 1 2 2 2 1 2 1 1 1 2 1 2 2 2 1 1 2 2 1 2 2 2 6 6 -9 -9 4 4 4 3 8 1 10 3 16 6
10364 6 1 1 1 2 2 2 1 2 2 2 1 1 1 2 1 2 1 2 2 2 2 2 2 2 1 1 7 2 6 6 3 3 4 4 4 3 8 6 10 3 16 6
10365 6 1 1 1 1 2 2 2 2 2 2 1 2 1 2 1 2 1 2 2 2 1 2 2 2 2 2 7 2 6 6 -9 -9 4 4 4 3 1 1 10 3 16 4
10366 6 1 1 1 1 2 2 2 2 1 1 1 1 1 2 1 2 1 2 2 2 1 1 2 2 1 1 7 2 6 6 -9 -9 4 4 4 3 8 6 10 10 16 4
10367 6 1 1 1 1 2 2 2 2 1 1 1 1 1 2 1 2 1 2 2 2 1 1 2 2 2 2 7 2 6 6 -9 -9 4 4 11 3 8 6 11 3 16 6
10368 6 1 1 1 1 2 2 2 2 2 2 1 2 1 1 1 2 1 2 2 2 1 1 2 2 2 2 2 2 6 6 -9 -9 4 4 11 3 -9 -9 10 10 -9 -9
10369 6 1 1 1 1 2 2 2 2 2 2 1 1 1 1 1 2 1 2 2 2 1 1 2 2 1 2 7 2 6 6 -9 -9 4 4 4 3 8 6 10 10 16 4
10370 6 1 1 1 1 2 2 2 2 2 2 1 1 1 1 1 2 1 2 2 2 1 1 2 2 2 2 2 2 6 6 -9 -9 4 4 11 3 8 1 3 3 -9 -9
10371 6 1 1 1 1 2 2 2 2 2 2 1 1 1 1 1 2 1 2 2 2 2 2 2 2 1 1 2 2 6 6 -9 -9 4 4 3 3 8 6 10 3 16 6
10372 48 1 1 1 2 1 1 1 1 2 2 1 1 1 2 1 1 2 2 2 2 1 1 1 1 2 2 7 7 8 8 -9 -9 4 4 11 4 8 6 11 2 6 6
10373 48 1 1 1 2 1 1 1 1 2 2 1 2 1 2 1 1 2 2 2 2 1 1 1 1 2 2 7 7 8 8 -9 -9 4 4 4 4 8 6 11 2 6 6
10374 48 1 1 1 2 1 1 1 1 2 2 2 2 1 1 2 2 2 2 1 2 1 1 1 1 2 2 7 7 8 8 -9 -9 4 4 4 4 8 8 11 11 6 6
10375 48 1 1 2 2 1 1 1 1 2 2 1 1 1 1 2 2 2 2 2 2 1 1 1 1 2 2 7 7 8 8 -9 -9 4 4 4 4 8 6 11 2 6 6
10376 48 1 1 1 2 1 1 1 1 2 2 1 2 1 2 1 2 1 2 2 2 1 1 1 1 2 2 7 7 8 8 -9 -9 4 4 4 4 8 8 11 2 6 6
10377 48 1 1 1 2 1 1 1 1 2 2 1 1 1 2 2 2 1 2 2 2 1 1 1 1 2 2 7 7 8 8 -9 -9 4 4 4 4 8 8 2 2 6 6
10378 48 1 1 1 2 1 1 1 1 1 1 1 1 1 2 2 2 1 2 2 2 1 1 1 1 2 2 7 7 8 8 -9 -9 4 4 4 4 8 6 11 11 6 6
10379 48 1 1 1 2 1 1 1 1 1 1 1 2 1 2 2 2 1 2 2 2 1 1 1 1 2 2 7 7 8 8 -9 -9 4 4 4 4 8 8 11 2 6 6
10380 48 1 1 1 2 1 1 1 1 2 2 1 1 1 1 2 2 1 2 2 2 1 2 1 1 2 2 7 7 8 8 -9 -9 4 4 4 4 8 6 11 11 6 6
10381 48 1 1 1 2 1 1 1 1 2 2 1 2 1 1 2 2 1 2 2 2 1 1 1 1 2 2 7 7 8 8 -9 -9 4 4 4 4 8 6 11 11 6 6
10382 40 1 1 1 2 1 1 1 1 2 2 1 1 1 1 1 2 1 2 2 2 1 1 1 1 1 1 2 2 16 7 3 3 4 4 11 4 6 1 3 3 16 4
10383 40 1 1 1 2 1 1 2 2 2 2 1 1 1 1 1 1 1 2 1 2 1 1 1 1 1 1 7 7 6 3 3 3 4 4 11 4 8 1 3 3 16 4
10384 40 1 2 1 2 1 1 1 2 2 2 1 1 1 2 1 2 1 1 1 1 1 2 1 1 1 1 7 2 16 16 -9 -9 7 4 11 4 -9 -9 10 3 16 4
10385 40 1 1 1 2 2 2 1 2 2 2 1 1 1 2 1 1 1 1 1 1 1 1 2 2 1 1 2 2 3 3 -9 -9 4 4 4 4 8 6 10 3 13 4
10386 40 1 1 1 2 1 1 1 1 1 1 1 1 1 1 1 1 1 1 1 2 1 2 1 1 1 1 7 7 7 3 -9 -9 4 4 4 4 6 1 3 3 16 4
10387 40 1 1 1 2 2 2 2 2 1 1 1 1 1 1 1 1 1 1 1 2 1 1 1 1 1 2 7 7 13 7 3 3 4 4 4 4 8 1 10 3 16 4
10388 40 1 2 1 2 -9 -9 1 2 2 2 1 2 1 1 1 1 1 1 2 2 1 2 1 2 1 1 7 7 7 3 -9 -9 4 4 4 4 -9 -9 11 10 -9 -9
10389 40 1 1 1 1 1 1 2 2 2 2 1 1 1 1 1 1 1 1 1 2 1 1 1 2 1 1 2 2 3 3 -9 -9 4 4 11 4 1 1 10 3 -9 -9
10390 40 1 1 1 2 1 1 1 2 2 2 1 1 1 1 1 2 1 2 1 2 1 1 1 1 1 1 7 2 11 6 -9 -9 4 4 11 4 -9 -9 11 10 16 4
10391 40 1 1 1 2 1 1 2 2 2 2 1 1 1 1 1 2 1 1 1 2 1 1 1 1 1 1 7 7 7 7 -9 -9 4 4 4 4 1 1 10 10 16 4
10392 10 1 1 1 1 2 2 1 1 2 2 1 2 1 2 1 1 1 2 1 2 1 1 2 2 1 1 2 2 6 3 4 3 4 4 11 11 -9 -9 11 11 16 6
10393 10 1 1 1 1 2 2 1 1 2 2 1 2 1 2 1 2 1 2 1 1 1 1 2 2 1 1 2 2 6 6 3 3 4 4 11 11 -9 -9 11 11 16 16
10394 10 1 1 1 1 2 2 1 1 1 1 1 2 1 2 1 2 1 2 1 2 1 1 2 2 1 1 2 2 -9 -9 3 3 4 4 11 11 -9 -9 11 11 16 2
10395 10 1 1 1 1 2 2 1 1 1 1 1 2 1 2 1 1 1 2 1 2 1 2 2 2 1 1 2 2 6 3 3 3 4 4 11 11 6 1 11 10 -9 -9
10396 10 1 1 1 1 2 2 1 1 2 2 1 1 1 1 1 2 1 2 1 2 1 1 2 2 1 1 2 2 3 3 3 3 4 4 11 11 -9 -9 11 11 16 2
10397 10 1 1 1 1 2 2 1 1 2 2 2 2 1 1 1 2 1 2 1 1 1 1 2 2 1 1 2 2 6 3 3 3 4 4 11 11 6 1 11 11 16 2
10398 10 1 1 1 1 2 2 1 1 2 2 1 2 1 1 1 2 1 2 1 1 1 1 2 2 1 1 2 2 6 6 3 3 4 4 11 11 6 1 11 10 16 6
10399 10 1 1 1 1 2 2 1 1 2 2 1 2 1 1 1 2 1 2 1 1 1 1 2 2 1 1 2 2 6 3 -9 -9 4 4 11 11 -9 -9 11 10 -9 -9
10400 10 1 1 1 1 1 2 1 1 2 2 1 2 1 2 1 2 1 2 1 2 1 1 2 2 1 1 2 2 -9 -9 3 3 4 4 11 11 -9 -9 11 10 -9 -9
10401 10 1 1 1 1 2 2 1 1 2 2 1 2 1 2 1 2 1 2 1 1 1 1 2 2 1 1 2 2 3 3 3 3 4 4 11 11 -9 -9 11 10 16 16
10402 15 1 1 2 2 1 1 1 2 1 1 1 2 1 2 1 1 1 2 1 2 1 2 1 1 2 2 2 2 3 3 -9 -9 4 4 11 4 6 1 11 11 4 2
10403 15 1 1 1 2 2 2 2 2 1 1 1 2 1 2 1 2 1 2 1 2 1 1 1 2 2 2 7 2 8 8 -9 -9 4 4 4 4 1 1 10 10 4 2
10404 15 1 1 1 2 1 2 2 2 2 2 1 1 1 1 1 1 1 2 2 2 1 1 1 1 2 2 7 2 8 3 -9 -9 4 4 4 4 1 1 10 10 4 4
10405 15 1 1 1 2 1 1 1 2 2 2 1 2 1 1 1 2 1 2 1 1 1 1 1 1 2 2 2 2 8 3 -9 -9 4 4 6 4 1 1 11 10 4 2
10406 15 1 1 1 2 1 1 1 2 2 2 1 1 1 1 1 2 1 2 1 1 1 1 1 2 2 2 2 2 3 3 -9 -9 4 4 4 4 1 1 10 10 4 2
10407 15 1 1 1 2 1 1 1 2 2 2 1 1 1 1 1 2 1 2 2 2 1 1 1 2 2 2 2 2 7 3 -9 -9 4 4 4 4 1 1 11 10 4 2
10408 15 1 1 1 2 1 2 2 2 2 2 1 2 1 2 1 2 1 2 2 2 1 1 1 1 1 2 2 2 8 3 -9 -9 4 4 4 4 -9 -9 10 10 -9 -9
10409 15 1 1 1 2 2 2 2 2 2 2 1 1 1 2 1 2 1 2 1 2 1 1 1 1 2 2 7 2 7 3 -9 -9 4 4 4 4 1 1 11 10 4 2
10410 15 1 1 1 2 1 1 1 1 1 1 1 1 1 2 1 2 1 2 1 1 1 1 1 1 2 2 2 2 8 3 -9 -9 4 4 4 4 -9 -9 11 10 4 2
10411 15 1 1 2 2 1 1 2 2 1 1 1 1 1 2 2 2 1 2 1 1 1 1 2 2 2 2 7 7 7 7 3 3 4 4 4 4 1 1 11 11 4 2
10474 16 1 2 1 2 1 2 1 2 2 2 1 2 1 2 1 1 1 2 2 2 2 2 2 2 1 1 7 2 3 3 2 2 5 4 4 4 12 1 10 3 11 11
10475 16 1 2 1 1 1 1 2 2 1 1 1 2 1 2 1 1 1 1 2 2 2 2 2 2 1 1 14 2 16 11 2 2 5 4 11 4 12 8 11 11 -9 -9
10476 16 1 2 1 1 1 1 2 2 2 2 1 2 1 2 1 2 2 2 2 2 2 2 2 2 1 1 14 7 16 1 5 4 5 4 4 4 8 6 3 2 -9 -9
10477 16 1 2 1 2 1 2 1 2 1 2 1 1 2 2 1 1 2 2 1 2 1 1 1 1 1 1 2 2 16 1 4 4 8 4 4 4 8 8 11 11 11 11
10478 16 1 2 1 2 1 2 1 2 1 1 1 1 1 2 1 1 2 2 2 2 2 2 1 2 1 1 7 7 19 1 5 2 8 5 11 3 8 6 11 2 6 2
10479 16 1 2 2 2 1 2 1 1 1 1 1 2 1 2 1 2 2 2 2 2 2 2 2 2 1 1 7 7 6 3 4 4 4 4 4 4 12 8 10 10 13 11
10480 16 1 2 2 2 1 2 2 2 1 1 1 2 1 2 1 2 1 1 2 2 2 2 2 2 1 1 7 7 12 11 -9 -9 8 4 4 4 12 6 11 2 -9 -9
10481 16 1 2 1 2 1 1 2 2 1 1 1 1 1 2 1 1 1 1 2 2 2 2 2 2 1 1 7 7 11 1 5 5 5 4 11 4 12 12 10 10 11 6
10482 16 1 1 1 2 1 1 2 2 2 2 1 2 1 2 1 1 2 2 2 2 1 2 2 2 1 1 7 7 6 1 2 2 5 4 4 4 8 6 10 10 11 6
10483 16 1 2 1 1 1 1 1 2 1 1 1 2 1 2 1 1 1 1 1 2 1 2 2 2 1 1 2 2 11 3 4 4 8 7 8 4 -9 -9 3 3 11 4
14512 49 1 1 1 1 1 1 -9 -9 1 2 1 1 1 1 1 1 1 1 2 2 1 2 1 2 1 1 2 1 17 4 4 4 4 4 7 2 -9 -9 10 4 14 4
14513 49 1 1 2 2 1 1 2 2 2 2 1 1 1 2 1 1 1 2 2 2 1 2 1 2 1 1 5 3 21 21 4 4 7 5 4 3 8 6 3 3 6 4
14514 49 1 1 1 1 1 1 1 2 2 2 1 1 1 2 1 1 1 2 2 2 2 2 2 2 1 1 2 2 21 17 5 4 5 4 7 4 -9 -9 4 2 13 13
14515 49 1 1 1 1 1 1 2 2 1 2 1 1 1 1 1 1 2 2 2 2 2 2 1 2 1 1 3 2 17 17 4 4 4 4 7 3 12 4 10 4 13 13
14516 49 1 1 1 1 1 1 2 2 2 2 1 1 1 2 1 1 1 2 2 2 -9 -9 2 2 1 1 2 2 17 17 4 4 4 4 7 7 12 4 10 2 13 13
14517 49 1 1 1 1 1 1 2 2 1 2 1 1 1 2 1 1 1 2 2 2 2 2 -9 -9 1 1 3 1 19 17 4 3 4 4 7 4 9 4 10 3 13 6
14518 49 1 1 1 1 1 2 2 2 1 2 1 1 1 2 1 1 1 2 2 2 2 2 -9 -9 1 1 3 2 19 17 4 4 4 4 4 3 -9 -9 10 4 13 4
14519 49 1 1 -9 -9 1 1 2 2 2 2 1 1 1 2 1 2 1 2 1 1 2 2 1 2 1 1 2 2 24 19 4 3 4 2 7 7 13 4 10 3 13 6
14520 49 1 1 1 2 1 1 2 2 2 2 1 1 1 2 1 1 1 1 1 2 1 2 2 2 1 1 5 1 21 19 4 3 4 4 4 2 9 4 4 3 11 6
14521 49 1 1 -9 -9 1 2 2 2 1 2 1 1 2 2 1 1 1 2 2 2 1 2 2 2 1 1 5 3 21 21 4 4 5 2 4 4 8 8 4 3 13 6
14522 50 1 1 1 2 1 2 2 2 2 2 1 1 1 2 1 1 1 2 2 2 2 2 1 1 1 1 5 2 19 17 4 4 9 5 12 7 8 6 3 3 13 6
14523 50 1 1 -9 -9 1 1 2 2 1 2 1 1 1 2 1 2 2 2 2 2 2 2 2 2 1 1 5 2 21 14 4 4 7 5 6 4 9 6 10 2 13 4
14524 50 1 1 1 1 1 1 2 2 2 2 1 1 1 2 1 1 2 2 2 2 2 2 1 2 1 1 3 3 17 6 4 4 8 4 5 4 -9 -9 2 2 13 6
14525 50 1 1 1 1 1 1 2 2 2 2 1 2 1 1 1 1 1 2 2 2 -9 -9 1 1 1 1 3 3 22 9 4 4 9 4 8 5 -9 -9 2 2 6 6
14526 50 1 1 1 2 1 2 2 2 1 2 1 1 2 2 1 1 2 2 1 2 2 2 1 2 1 1 2 2 19 4 4 4 7 4 11 7 -9 -9 10 3 13 4
14527 50 1 1 2 2 1 2 2 2 2 2 1 1 1 2 1 1 1 2 2 2 1 2 1 1 1 1 2 2 17 9 4 4 7 5 11 7 12 8 10 10 13 13
14528 50 1 1 2 2 -9 -9 2 2 1 2 1 1 1 2 1 2 1 2 2 2 2 2 1 2 1 1 5 2 19 4 4 4 9 5 9 7 -9 -9 10 3 6 4
14529 50 1 1 1 1 1 2 2 2 2 2 1 1 1 2 1 1 1 2 1 2 2 2 1 2 1 1 5 2 21 9 4 4 7 4 5 4 -9 -9 4 2 13 6
14530 50 1 1 2 2 1 2 2 2 2 2 1 1 1 2 1 2 1 1 2 2 2 2 2 2 1 1 5 2 14 4 4 4 9 4 6 6 12 6 8 4 13 13
14531 50 1 1 2 2 1 1 -9 -9 1 2 1 1 1 2 1 2 1 2 2 2 2 2 1 2 1 1 5 5 17 14 5 5 7 5 7 4 6 4 3 3 13 4
14532 51 1 1 1 2 1 1 1 2 2 2 1 1 1 2 1 2 1 1 2 2 1 2 2 2 1 1 1 1 21 21 4 4 7 7 8 7 8 8 3 3 13 13
14533 51 1 1 2 2 1 1 2 2 2 2 1 1 1 2 1 1 1 1 1 2 1 1 -9 -9 1 1 5 2 19 19 4 4 7 7 7 4 13 12 3 3 6 6
14534 51 1 1 1 2 1 2 2 2 2 2 1 1 1 2 1 1 1 1 2 2 2 2 2 2 1 1 2 1 4 4 4 2 7 7 8 8 12 8 10 3 13 13
14535 51 1 1 2 2 1 1 1 2 2 2 1 1 1 2 1 1 1 1 2 2 1 2 2 2 1 1 5 5 21 19 4 4 5 4 6 4 -9 -9 3 3 13 4
14536 51 1 1 2 2 1 1 2 2 2 2 1 1 1 2 1 1 1 1 2 2 1 1 1 2 1 1 5 3 21 19 4 4 5 2 8 6 -9 -9 4 4 13 4
14537 51 1 1 1 1 1 2 2 2 2 2 1 1 1 2 1 2 1 1 2 2 2 2 2 2 1 1 1 1 6 1 4 4 4 4 11 4 -9 -9 10 4 14 13
14538 51 1 1 1 2 1 2 2 2 2 2 1 1 1 2 1 2 1 2 2 2 2 2 2 2 1 1 2 2 21 18 5 4 5 4 8 7 -9 -9 10 3 14 6
14539 51 1 1 1 1 1 2 2 2 2 2 1 1 1 2 1 2 1 2 2 2 1 2 2 2 1 1 2 1 21 11 4 4 7 5 8 8 13 4 10 4 14 13
14540 51 1 1 1 1 1 1 -9 -9 2 2 1 1 1 2 1 2 1 2 1 2 1 2 2 2 1 1 3 2 17 4 4 4 7 5 6 2 8 6 10 3 13 4
14541 51 1 1 2 2 1 1 2 2 2 2 1 1 1 2 1 1 1 1 2 2 1 1 2 2 1 1 1 1 23 19 4 4 5 4 7 4 6 4 10 3 13 13
14542 52 1 1 1 1 1 1 2 2 2 2 1 1 1 2 1 1 1 1 2 2 2 2 2 2 1 1 3 3 23 20 5 4 7 5 7 7 12 4 11 11 13 13
14543 52 1 1 1 1 1 2 2 2 2 2 1 1 1 2 -9 -9 1 1 2 2 1 2 2 2 1 1 3 2 24 21 5 4 7 7 4 2 12 9 11 7 13 13
14544 52 1 1 1 1 -9 -9 1 2 2 2 1 1 1 2 1 1 1 1 2 2 -9 -9 2 2 1 1 5 2 33 19 5 4 7 7 7 7 12 8 11 8 13 13
14545 52 1 1 1 1 1 2 1 2 2 2 1 1 1 2 1 1 1 1 2 2 1 2 2 2 1 1 3 2 23 14 5 4 9 7 5 5 14 10 4 4 13 4
14546 52 1 1 -9 -9 1 1 2 2 2 2 1 1 1 2 1 2 1 2 2 2 2 2 1 2 1 1 3 2 24 10 5 4 9 9 7 5 9 9 11 1 13 8
14547 52 -9 -9 -9 -9 -9 -9 -9 -9 -9 -9 -9 -9 -9 -9 -9 -9 -9 -9 -9 -9 -9 -9 -9 -9 -9 -9 3 3 24 18 5 5 9 9 7 0 12 9 12 7 13 13
14548 52 1 1 1 1 1 1 -9 -9 2 2 1 1 1 2 1 2 1 1 2 2 1 2 1 2 1 1 5 3 24 10 5 4 9 9 5 4 12 9 7 7 13 13
14549 52 1 1 1 2 1 1 2 2 2 2 1 1 1 2 1 1 1 1 2 2 1 2 1 1 1 1 3 3 37 8 5 4 9 9 7 4 9 4 4 2 13 13
14550 52 1 1 1 1 1 2 2 2 2 2 1 1 1 1 1 2 1 1 2 2 1 2 2 2 1 1 2 2 30 3 4 4 9 8 2 2 13 12 10 4 13 4
14551 52 1 1 1 1 1 1 2 2 2 2 1 1 1 2 1 2 1 2 2 2 2 2 1 2 1 1 3 3 37 10 5 4 9 9 7 5 9 6 4 4 13 4
14552 53 1 1 1 1 1 1 1 2 2 2 1 1 1 2 1 2 1 1 2 2 1 2 2 2 1 1 3 2 33 19 4 4 9 7 7 7 12 8 11 8 13 8
14553 53 1 1 1 1 1 1 1 2 2 2 1 1 1 1 1 1 1 1 2 2 1 1 1 2 1 1 3 3 23 13 4 4 7 5 6 6 13 13 11 10 13 8
14554 53 1 1 1 2 1 1 2 2 2 2 1 1 1 2 1 2 1 2 2 2 1 2 1 2 1 1 2 2 33 21 4 4 9 7 6 2 13 9 11 11 13 4
14555 53 1 1 1 2 1 2 2 2 2 2 1 1 1 2 1 1 1 2 2 2 1 2 1 1 1 1 2 1 17 4 4 4 9 7 2 2 13 13 17 10 13 13
14556 53 1 1 1 1 1 2 1 2 1 2 1 1 1 2 1 1 1 2 1 2 2 2 2 2 2 2 3 2 6 1 5 4 9 7 4 4 -9 -9 10 4 14 4
14557 53 -9 -9 -9 -9 -9 -9 -9 -9 -9 -9 -9 -9 -9 -9 -9 -9 -9 -9 -9 -9 -9 -9 -9 -9 -9 -9 1 1 23 18 4 4 9 7 7 2 9 9 17 2 8 4
14558 53 1 1 1 2 1 2 2 2 2 2 1 1 1 1 1 1 1 2 2 2 2 2 2 2 1 1 3 3 3 1 4 4 9 7 4 2 -9 -9 13 10 14 14
14559 53 1 1 1 1 1 2 1 1 2 2 1 1 1 2 1 1 1 2 2 2 1 1 1 2 1 1 3 2 11 4 4 4 7 4 5 5 -9 -9 4 2 13 4
14560 53 1 1 1 1 1 2 1 1 2 2 1 1 1 2 1 1 1 2 2 2 1 2 1 2 1 1 3 2 21 14 4 4 7 5 5 2 9 4 4 4 8 8
14561 53 1 1 1 1 1 2 1 2 2 2 1 1 1 2 1 1 2 2 2 2 1 2 1 2 1 1 3 3 19 10 4 4 7 4 7 2 -9 -9 11 10 13 11
14562 54 1 1 1 1 1 2 2 2 2 2 1 1 1 2 1 2 1 1 2 2 1 2 2 2 2 2 3 3 22 21 5 4 7 6 2 2 13 6 11 4 13 13
14563 54 1 1 1 1 1 1 -9 -9 2 2 1 1 1 2 1 1 2 2 2 2 1 2 2 2 1 1 3 3 19 9 4 4 7 7 2 2 12 6 10 4 14 13
14564 54 1 1 2 2 1 1 1 2 1 2 1 1 1 1 1 2 1 2 2 2 1 1 2 2 1 1 2 2 21 3 5 4 6 5 4 2 6 4 1 1 13 2
14565 54 1 1 2 2 1 1 1 1 2 2 1 1 1 1 1 1 1 1 2 2 1 2 1 2 1 2 3 3 30 23 4 4 8 2 2 2 -9 -9 10 3 14 13
14566 54 1 1 1 2 1 2 2 2 1 2 1 1 1 2 1 1 1 2 2 2 2 2 2 2 1 1 3 2 24 18 4 4 5 2 6 4 8 6 8 4 8 6
14567 54 1 1 2 2 1 2 1 1 2 2 1 1 1 1 1 1 1 2 2 2 1 1 1 2 1 2 7 3 24 23 4 4 7 7 2 2 -9 -9 3 3 14 13
14568 54 1 1 1 1 1 1 2 2 1 2 1 1 1 2 1 1 2 2 2 2 1 2 2 2 1 2 3 3 23 19 3 3 5 2 4 4 6 6 8 4 16 6
14569 54 1 1 1 1 1 2 2 2 2 2 1 1 1 2 1 2 2 2 2 2 1 2 2 2 1 1 6 6 21 9 4 4 7 7 6 2 -9 -9 8 8 14 2
14570 54 1 1 1 1 1 2 1 2 2 2 1 1 1 2 1 2 2 2 2 2 1 2 1 1 1 1 5 3 23 21 4 3 7 5 6 6 13 12 4 4 13 2
14571 54 1 1 1 2 1 1 -9 -9 2 2 1 1 1 2 1 1 1 1 2 2 1 2 2 2 1 1 2 2 19 9 4 4 7 7 6 4 12 6 4 3 14 6
14572 55 1 1 1 1 1 1 2 2 2 2 1 1 1 2 1 2 1 2 2 2 2 2 1 2 1 1 3 2 21 15 4 4 8 5 6 2 10 8 4 4 6 4
14573 55 1 1 1 1 1 2 1 2 2 2 1 1 1 2 1 1 1 1 2 2 1 2 2 2 1 2 2 2 21 19 4 3 7 2 4 4 -9 -9 3 3 14 11
14574 55 1 1 1 1 1 2 1 2 1 2 1 1 1 2 1 2 1 2 2 2 1 2 2 2 1 1 5 2 24 19 4 4 7 5 7 7 13 6 4 4 13 13
14575 55 1 1 1 1 1 2 2 2 1 2 1 1 1 1 1 1 1 2 2 2 1 1 2 2 1 2 3 3 14 1 4 4 2 2 11 6 -9 -9 10 9 13 13
14576 55 1 1 1 2 1 2 2 2 2 2 1 1 1 2 1 1 1 1 2 2 1 2 2 2 1 1 5 3 23 7 4 4 7 7 7 2 6 6 8 2 2 2
14577 55 1 1 -9 -9 1 2 2 2 1 2 1 1 1 2 1 2 2 2 2 2 2 2 2 2 1 1 3 2 30 12 4 4 7 2 11 6 -9 -9 13 10 11 8
14578 55 1 1 1 1 1 2 1 2 2 2 1 1 1 2 1 1 1 2 2 2 1 2 2 2 1 1 3 2 18 4 5 4 8 7 7 7 6 6 4 1 13 11
14579 55 1 1 1 2 1 2 2 2 2 2 1 1 1 2 1 1 1 2 -9 -9 1 2 2 2 1 1 3 2 23 3 4 4 5 5 6 2 12 9 2 2 11 2
14580 55 1 1 1 1 1 2 2 2 2 2 1 1 1 1 1 2 1 2 2 2 1 1 1 2 1 1 2 2 21 9 4 4 7 2 12 7 12 6 4 4 13 8
14581 55 1 1 1 2 1 2 1 2 2 2 1 1 1 1 -9 -9 1 2 2 2 -9 -9 2 2 1 1 2 2 13 10 4 4 7 2 4 2 4 4 4 4 14 2